0 0.5060096153846154 0.4483173076923077 0.06850961538461539 0.06009615384615385
0 0.6045673076923077 0.4519230769230769 0.06850961538461539 0.056490384615384616
0 0.9134615384615384 0.39663461538461536 0.06490384615384616 0.042067307692307696
0 0.8834134615384616 0.4375 0.07091346153846154 0.054086538461538464
0 0.06490384615384616 0.24879807692307693 0.04567307692307692 0.030048076923076924
0 0.2247596153846154 0.21153846153846154 0.037259615384615384 0.02403846153846154
0 0.0985576923076923 0.19230769230769232 0.03245192307692308 0.03125
0 0.14423076923076922 0.19591346153846154 0.036057692307692304 0.025240384615384616
0 0.07451923076923077 0.1935096153846154 0.030048076923076924 0.027644230769230768
0 0.11658653846153846 0.1935096153846154 0.028846153846153848 0.021634615384615384
0 0.1778846153846154 0.17908653846153846 0.03245192307692308 0.025240384615384616
0 0.18870192307692307 0.171875 0.03125 0.020432692307692308
0 0.28966346153846156 0.17307692307692307 0.030048076923076924 0.020432692307692308
0 0.3088942307692308 0.140625 0.021634615384615384 0.015625
0 0.35216346153846156 0.171875 0.026442307692307692 0.019230769230769232
0 0.375 0.16346153846153846 0.021634615384615384 0.01201923076923077
0 0.3894230769230769 0.16706730769230768 0.026442307692307692 0.02283653846153846
0 0.4266826923076923 0.16947115384615385 0.026442307692307692 0.018028846153846152
0 0.4495192307692308 0.16346153846153846 0.025240384615384616 0.018028846153846152
0 0.4567307692307692 0.16346153846153846 0.025240384615384616 0.019230769230769232
0 0.41346153846153844 0.15504807692307693 0.026442307692307692 0.014423076923076924
0 0.4206730769230769 0.16105769230769232 0.030048076923076924 0.013221153846153846
0 0.47716346153846156 0.15745192307692307 0.025240384615384616 0.015625
0 0.49038461538461536 0.15264423076923078 0.02283653846153846 0.02403846153846154
0 0.5084134615384616 0.1502403846153846 0.021634615384615384 0.016826923076923076
0 0.5348557692307693 0.14302884615384615 0.021634615384615384 0.015625
0 0.5348557692307693 0.1310096153846154 0.020432692307692308 0.014423076923076924
0 0.453125 0.14543269230769232 0.021634615384615384 0.01201923076923077
0 0.5096153846153846 0.12860576923076922 0.019230769230769232 0.014423076923076924
0 0.49278846153846156 0.13341346153846154 0.016826923076923076 0.016826923076923076
0 0.4639423076923077 0.13701923076923078 0.018028846153846152 0.014423076923076924
0 0.5216346153846154 0.12379807692307693 0.010817307692307692 0.013221153846153846
0 0.5 0.12740384615384615 0.016826923076923076 0.018028846153846152