0 0.021634615384615384 0.7043269230769231 0.04326923076923077 0.0889423076923077
0 0.009615384615384616 0.7836538461538461 0.019230769230769232 0.078125
0 0.3918269230769231 0.7151442307692307 0.11177884615384616 0.10216346153846154
0 0.38822115384615385 0.3641826923076923 0.08413461538461539 0.08653846153846154
0 0.6502403846153846 0.7151442307692307 0.1141826923076923 0.09975961538461539
0 0.7992788461538461 0.6899038461538461 0.11057692307692307 0.12139423076923077
0 0.7247596153846154 0.6310096153846154 0.10576923076923077 0.09254807692307693
0 0.8149038461538461 0.6286057692307693 0.09975961538461539 0.10576923076923077
0 0.8834134615384616 0.59375 0.11538461538461539 0.06370192307692307
0 0.9495192307692307 0.7055288461538461 0.09615384615384616 0.0985576923076923
0 0.9278846153846154 0.6322115384615384 0.1141826923076923 0.07572115384615384
0 0.9831730769230769 0.4326923076923077 0.028846153846153848 0.08173076923076923