0 0.078125 0.08774038461538461 0.03485576923076923 0.03485576923076923
0 0.07572115384615384 0.11778846153846154 0.03125 0.046875
0 0.6730769230769231 0.49038461538461536 0.05889423076923077 0.054086538461538464
0 0.7019230769230769 0.5444711538461539 0.06370192307692307 0.052884615384615384
0 0.7572115384615384 0.6117788461538461 0.08413461538461539 0.07932692307692307
0 0.296875 0.3233173076923077 0.042067307692307696 0.038461538461538464
0 0.33533653846153844 0.3389423076923077 0.037259615384615384 0.030048076923076924
0 0.3401442307692308 0.31009615384615385 0.036057692307692304 0.019230769230769232
0 0.33653846153846156 0.32091346153846156 0.036057692307692304 0.02283653846153846
0 0.37740384615384615 0.3245192307692308 0.038461538461538464 0.03245192307692308
0 0.3233173076923077 0.3954326923076923 0.04567307692307692 0.03365384615384615
0 0.31850961538461536 0.4326923076923077 0.054086538461538464 0.057692307692307696
0 0.26802884615384615 0.41947115384615385 0.04927884615384615 0.04567307692307692
0 0.2512019230769231 0.921875 0.10336538461538461 0.11057692307692307
0 0.4206730769230769 0.9182692307692307 0.10216346153846154 0.11057692307692307
0 0.5853365384615384 0.9230769230769231 0.10336538461538461 0.11298076923076923
0 0.7415865384615384 0.9206730769230769 0.10817307692307693 0.11298076923076923
0 0.9110576923076923 0.9302884615384616 0.11538461538461539 0.11778846153846154
0 0.9663461538461539 0.44471153846153844 0.04326923076923077 0.051682692307692304
0 0.9435096153846154 0.421875 0.040865384615384616 0.04326923076923077
0 0.9182692307692307 0.39903846153846156 0.03485576923076923 0.03245192307692308
0 0.8966346153846154 0.42427884615384615 0.054086538461538464 0.04807692307692308
0 0.5793269230769231 0.3245192307692308 0.028846153846153848 0.03125
0 0.6490384615384616 0.2644230769230769 0.036057692307692304 0.027644230769230768
0 0.6971153846153846 0.2644230769230769 0.03365384615384615 0.027644230769230768
0 0.75 0.26322115384615385 0.03365384615384615 0.030048076923076924
0 0.5288461538461539 0.22355769230769232 0.02283653846153846 0.02283653846153846