0 0.5372596153846154 0.1971153846153846 0.03485576923076923 0.040865384615384616
0 0.6081730769230769 0.18870192307692307 0.03245192307692308 0.042067307692307696
0 0.040865384615384616 0.25961538461538464 0.038461538461538464 0.042067307692307696
0 0.0625 0.20192307692307693 0.038461538461538464 0.06129807692307692
0 0.11298076923076923 0.1875 0.036057692307692304 0.046875
0 0.09735576923076923 0.20192307692307693 0.03125 0.026442307692307692
0 0.29086538461538464 0.2608173076923077 0.036057692307692304 0.042067307692307696
0 0.21634615384615385 0.2439903846153846 0.036057692307692304 0.042067307692307696
0 0.14302884615384615 0.15504807692307693 0.028846153846153848 0.054086538461538464
0 0.15865384615384615 0.15384615384615385 0.019230769230769232 0.04927884615384615
0 0.17548076923076922 0.13341346153846154 0.028846153846153848 0.038461538461538464
0 0.20432692307692307 0.12139423076923077 0.03125 0.039663461538461536
0 0.22956730769230768 0.1141826923076923 0.03245192307692308 0.039663461538461536
0 0.2548076923076923 0.09735576923076923 0.028846153846153848 0.03485576923076923
0 0.2848557692307692 0.08052884615384616 0.03125 0.03125
0 0.9110576923076923 0.2608173076923077 0.038461538461538464 0.04567307692307692
0 0.8725961538461539 0.25 0.03125 0.03485576923076923