0 0.18509615384615385 0.12620192307692307 0.09975961538461539 0.11538461538461539
0 0.27884615384615385 0.1466346153846154 0.11538461538461539 0.0985576923076923
0 0.2091346153846154 0.7379807692307693 0.1045673076923077 0.09254807692307693
0 0.328125 0.7740384615384616 0.0625 0.09014423076923077
0 0.5168269230769231 0.7415865384615384 0.12620192307692307 0.12620192307692307
0 0.9230769230769231 0.8786057692307693 0.09735576923076923 0.13822115384615385
0 0.5661057692307693 0.5600961538461539 0.125 0.11538461538461539
0 0.46634615384615385 0.20552884615384615 0.1141826923076923 0.10576923076923077
0 0.5793269230769231 0.2956730769230769 0.10817307692307693 0.0985576923076923
0 0.7067307692307693 0.18269230769230768 0.10817307692307693 0.10817307692307693
0 0.7560096153846154 0.25961538461538464 0.1141826923076923 0.10336538461538461
0 0.7103365384615384 0.078125 0.10336538461538461 0.08052884615384616