0 0.09615384615384616 0.5649038461538461 0.0985576923076923 0.0985576923076923
0 0.07211538461538461 0.6778846153846154 0.10096153846153846 0.08533653846153846
0 0.17668269230769232 0.14302884615384615 0.08173076923076923 0.07091346153846154
0 0.5576923076923077 0.4230769230769231 0.09254807692307693 0.09254807692307693
0 0.6670673076923077 0.3545673076923077 0.0889423076923077 0.0829326923076923
0 0.6658653846153846 0.39903846153846156 0.09254807692307693 0.07932692307692307
0 0.6778846153846154 0.45552884615384615 0.09254807692307693 0.09495192307692307
0 0.7680288461538461 0.4110576923076923 0.09134615384615384 0.07932692307692307
0 0.5625 0.765625 0.10576923076923077 0.10697115384615384
0 0.703125 0.6790865384615384 0.10576923076923077 0.0889423076923077
0 0.6971153846153846 0.7596153846153846 0.10817307692307693 0.07692307692307693
0 0.703125 0.8317307692307693 0.10817307692307693 0.11057692307692307
0 0.8088942307692307 0.7728365384615384 0.10576923076923077 0.11658653846153846