0 0.5288461538461539 0.453125 0.0733173076923077 0.1971153846153846
0 0.5901442307692307 0.5072115384615384 0.026442307692307692 0.037259615384615384
0 0.7355769230769231 0.9519230769230769 0.055288461538461536 0.07211538461538461
0 0.8173076923076923 0.953125 0.057692307692307696 0.06610576923076923
0 0.7788461538461539 0.9735576923076923 0.04807692307692308 0.05048076923076923
0 0.31971153846153844 0.7235576923076923 0.04326923076923077 0.056490384615384616
0 0.3737980769230769 0.6995192307692307 0.039663461538461536 0.04927884615384615
0 0.2848557692307692 0.9711538461538461 0.057692307692307696 0.056490384615384616
0 0.056490384615384616 0.703125 0.042067307692307696 0.054086538461538464
0 0.08173076923076923 0.734375 0.04567307692307692 0.05048076923076923
0 0.10817307692307693 0.7704326923076923 0.04326923076923077 0.054086538461538464
0 0.12259615384615384 0.8004807692307693 0.025240384615384616 0.056490384615384616