0 0.0985576923076923 0.6081730769230769 0.09615384615384616 0.09375
0 0.12379807692307693 0.7776442307692307 0.10216346153846154 0.09975961538461539
0 0.8557692307692307 0.7295673076923077 0.09975961538461539 0.10216346153846154
0 0.8942307692307693 0.8810096153846154 0.10697115384615384 0.1201923076923077
0 0.296875 0.31850961538461536 0.08173076923076923 0.06971153846153846
0 0.38100961538461536 0.32211538461538464 0.08533653846153846 0.08173076923076923
0 0.34375 0.2776442307692308 0.06850961538461539 0.046875
0 0.6129807692307693 0.2608173076923077 0.06490384615384616 0.11658653846153846
0 0.6550480769230769 0.2439903846153846 0.06370192307692307 0.0733173076923077
0 0.7560096153846154 0.2824519230769231 0.08413461538461539 0.0733173076923077
0 0.8076923076923077 0.16346153846153846 0.0733173076923077 0.07572115384615384
0 0.6959134615384616 0.20673076923076922 0.0733173076923077 0.07932692307692307