0 0.09735576923076923 0.4014423076923077 0.056490384615384616 0.08653846153846154
0 0.046875 0.3161057692307692 0.05048076923076923 0.06850961538461539
0 0.046875 0.24879807692307693 0.05048076923076923 0.06129807692307692
0 0.12620192307692307 0.17307692307692307 0.04807692307692308 0.06129807692307692
0 0.09014423076923077 0.09615384615384616 0.040865384615384616 0.04567307692307692
0 0.09735576923076923 0.12139423076923077 0.038461538461538464 0.040865384615384616
0 0.10817307692307693 0.14903846153846154 0.038461538461538464 0.04807692307692308
0 0.234375 0.13341346153846154 0.04447115384615385 0.05889423076923077
0 0.3112980769230769 0.7451923076923077 0.06971153846153846 0.0985576923076923
0 0.28966346153846156 0.06610576923076923 0.040865384615384616 0.05048076923076923
0 0.25 0.9026442307692307 0.07932692307692307 0.1141826923076923
0 0.4495192307692308 0.9723557692307693 0.08173076923076923 0.05048076923076923
0 0.45913461538461536 0.5889423076923077 0.06490384615384616 0.09615384615384616
0 0.5072115384615384 0.4951923076923077 0.06009615384615385 0.09134615384615384
0 0.6225961538461539 0.43028846153846156 0.057692307692307696 0.06850961538461539
0 0.6466346153846154 0.3954326923076923 0.056490384615384616 0.06129807692307692
0 0.7211538461538461 0.7043269230769231 0.06971153846153846 0.09375
0 0.7199519230769231 0.6358173076923077 0.06610576923076923 0.08413461538461539
0 0.7944711538461539 0.6682692307692307 0.06850961538461539 0.078125
0 0.8173076923076923 0.7379807692307693 0.07211538461538461 0.10096153846153846
0 0.8653846153846154 0.6658653846153846 0.06971153846153846 0.08413461538461539
0 0.5432692307692307 0.12620192307692307 0.042067307692307696 0.05889423076923077