0 0.9050480769230769 0.19230769230769232 0.08653846153846154 0.08774038461538461
0 0.8822115384615384 0.2860576923076923 0.08533653846153846 0.09254807692307693
0 0.796875 0.32091346153846156 0.06610576923076923 0.051682692307692304
0 0.6838942307692307 0.38341346153846156 0.08774038461538461 0.0733173076923077
0 0.6622596153846154 0.6141826923076923 0.09975961538461539 0.11057692307692307
0 0.6165865384615384 0.78125 0.10216346153846154 0.12980769230769232
0 0.3870192307692308 0.7560096153846154 0.051682692307692304 0.1201923076923077
0 0.44350961538461536 0.7884615384615384 0.09495192307692307 0.1201923076923077
0 0.43149038461538464 0.23076923076923078 0.028846153846153848 0.06610576923076923
0 0.0625 0.33413461538461536 0.08413461538461539 0.10096153846153846
0 0.14302884615384615 0.265625 0.07572115384615384 0.078125
0 0.20192307692307693 0.30408653846153844 0.07692307692307693 0.09014423076923077