0 0.10817307692307693 0.07091346153846154 0.052884615384615384 0.10336538461538461
0 0.11057692307692307 0.4387019230769231 0.057692307692307696 0.10697115384615384
0 0.27403846153846156 0.5588942307692307 0.06129807692307692 0.12620192307692307
0 0.28125 0.78125 0.06850961538461539 0.12620192307692307
0 0.44591346153846156 0.5709134615384616 0.0625 0.11899038461538461
0 0.4579326923076923 0.6334134615384616 0.06850961538461539 0.09615384615384616
0 0.5588942307692307 0.6478365384615384 0.06850961538461539 0.14783653846153846
0 0.5985576923076923 0.7427884615384616 0.06971153846153846 0.14423076923076922
0 0.6911057692307693 0.7463942307692307 0.07211538461538461 0.15144230769230768
0 0.8497596153846154 0.7355769230769231 0.07211538461538461 0.12980769230769232
0 0.9038461538461539 0.6598557692307693 0.07091346153846154 0.14783653846153846
0 0.7764423076923077 0.5721153846153846 0.06971153846153846 0.12980769230769232
0 0.6478365384615384 0.14783653846153846 0.056490384615384616 0.11057692307692307
0 0.7271634615384616 0.07451923076923077 0.054086538461538464 0.08173076923076923
0 0.8004807692307693 0.24759615384615385 0.06009615384615385 0.15504807692307693
0 0.9411057692307693 0.49278846153846156 0.07211538461538461 0.13341346153846154
0 0.9182692307692307 0.31490384615384615 0.06370192307692307 0.11899038461538461
0 0.8581730769230769 0.23677884615384615 0.056490384615384616 0.10336538461538461
0 0.8701923076923077 0.13701923076923078 0.05889423076923077 0.10336538461538461