0 0.5132211538461539 0.8653846153846154 0.078125 0.06009615384615385
0 0.5757211538461539 0.8221153846153846 0.07692307692307693 0.06009615384615385
0 0.6682692307692307 0.8413461538461539 0.07572115384615384 0.06610576923076923
0 0.7331730769230769 0.8221153846153846 0.07572115384615384 0.054086538461538464
0 0.27403846153846156 0.3425480769230769 0.0625 0.04447115384615385
0 0.34975961538461536 0.26802884615384615 0.052884615384615384 0.05048076923076923
0 0.37259615384615385 0.38221153846153844 0.05889423076923077 0.04326923076923077
0 0.375 0.33774038461538464 0.06129807692307692 0.039663461538461536
0 0.42908653846153844 0.31490384615384615 0.05889423076923077 0.042067307692307696
0 0.4831730769230769 0.33774038461538464 0.05889423076923077 0.039663461538461536
0 0.5865384615384616 0.08052884615384616 0.054086538461538464 0.03485576923076923
0 0.6574519230769231 0.10216346153846154 0.052884615384615384 0.038461538461538464
0 0.6790865384615384 0.15384615384615385 0.054086538461538464 0.038461538461538464