0 0.15625 0.5757211538461539 0.03365384615384615 0.055288461538461536
0 0.2776442307692308 0.265625 0.020432692307692308 0.03245192307692308
0 0.7487980769230769 0.3449519230769231 0.040865384615384616 0.03485576923076923
0 0.7728365384615384 0.5576923076923077 0.04927884615384615 0.054086538461538464
0 0.8088942307692307 0.5997596153846154 0.051682692307692304 0.06490384615384616
0 0.8545673076923077 0.6670673076923077 0.052884615384615384 0.0625
0 0.9254807692307693 0.6201923076923077 0.055288461538461536 0.05889423076923077
0 0.9495192307692307 0.6634615384615384 0.057692307692307696 0.055288461538461536
0 0.9399038461538461 0.7103365384615384 0.056490384615384616 0.0733173076923077
0 0.8377403846153846 0.796875 0.06129807692307692 0.07572115384615384
0 0.6682692307692307 0.7848557692307693 0.05889423076923077 0.06850961538461539
0 0.5516826923076923 0.8197115384615384 0.05889423076923077 0.06850961538461539